Cell_type	Group	GSM4710689_PDAC_TISSUE_1	GSM4710690_PDAC_TISSUE_2	GSM4710691_PDAC_TISSUE_3	GSM4710692_PDAC_TISSUE_4	GSM4710693_PDAC_TISSUE_5	GSM4710694_PDAC_TISSUE_6	GSM4710695_PDAC_TISSUE_7	GSM4710696_PDAC_TISSUE_8	GSM4710697_PDAC_TISSUE_9	GSM4710698_PDAC_TISSUE_10	GSM4710699_PDAC_TISSUE_11A	GSM4710700_PDAC_TISSUE_11B	GSM4710701_PDAC_TISSUE_12	GSM4710702_PDAC_TISSUE_13	GSM4710703_PDAC_TISSUE_14	GSM4710704_PDAC_TISSUE_15	GSM4710705_PDAC_TISSUE_16	GSM4710706_AdjNorm_TISSUE_1	GSM4710707_AdjNorm_TISSUE_2	GSM4710708_AdjNorm_TISSUE_3	GSM4710709_PDAC_PBMC_1	GSM4710710_PDAC_PBMC_2	GSM4710711_PDAC_PBMC_3	GSM4710712_PDAC_PBMC_4	GSM4710713_PDAC_PBMC_5	GSM4710714_PDAC_PBMC_6	GSM4710715_PDAC_PBMC_7	GSM4710716_PDAC_PBMC_8	GSM4710717_PDAC_PBMC_9	GSM4710718_PDAC_PBMC_10A	GSM4710719_PDAC_PBMC_10B	GSM4710720_PDAC_PBMC_11	GSM4710721_PDAC_PBMC_12	GSM4710722_PDAC_PBMC_13	GSM4710723_PDAC_PBMC_14	GSM4710724_PDAC_PBMC_15	GSM4710725_PDAC_PBMC_16	GSM4710726_Healthy_PBMC_1	GSM4710727_Healthy_PBMC_2	GSM4710728_Healthy_PBMC_3	GSM4710729_Healthy_PBMC_4	PDAC_N1	PDAC_N10	PDAC_N11	PDAC_N2	PDAC_N3	PDAC_N4	PDAC_N5	PDAC_N6	PDAC_N7	PDAC_N8	PDAC_N9	PDAC_T1	PDAC_T10	PDAC_T11	PDAC_T12	PDAC_T13	PDAC_T14	PDAC_T15	PDAC_T16	PDAC_T17	PDAC_T18	PDAC_T19	PDAC_T2	PDAC_T20	PDAC_T21	PDAC_T22	PDAC_T23	PDAC_T24	PDAC_T3	PDAC_T4	PDAC_T5	PDAC_T6	PDAC_T7	PDAC_T8	PDAC_T9	PDAC1_biopsy	PDAC1_blood	PDAC10_biopsy	PDAC10_blood	PDAC11_biopsy	PDAC11_blood	PDAC12_biopsy	PDAC12_blood	PDAC2_biopsy	PDAC2_blood	PDAC3_biopsy	PDAC3_blood	PDAC4_biopsy	PDAC4_blood	PDAC5_biopsy	PDAC5_blood	PDAC6_biopsy	PDAC6_blood	PDAC7_biopsy	PDAC7_blood	PDAC8_biopsy	PDAC8_blood	PDAC9_biopsy	PDAC9_blood
Acinar	Non-immune	1	51	7	95	21	15	12	29	19	5	5	3	27	82	1	7	3	269	637	520	0	0	0	0	0	0	0	0	0	0	0	0	0	0	0	0	0	0	0	0	0	666	1067	1594	2129	242	746	127	509	799	620	1067	19	6	29	27	439	44	112	94	69	62	32	80	28	46	59	27	487	16	26	48	118	80	22	98	0	0	0	0	0	0	0	0	0	0	0	0	0	0	0	0	0	0	0	0	0	0	0	0
Centroacinar	Non-immune	0	0	1	1	2	0	0	1	0	0	3	0	0	0	0	2	0	1	0	1	0	0	0	0	0	0	0	0	0	0	0	0	0	0	0	0	0	0	0	0	0	158	101	98	46	36	139	116	132	176	56	102	2	4	4	2	28	1	11	9	2	4	1	13	3	0	1	3	29	1	4	13	20	17	2	5	0	0	0	0	0	0	0	0	0	0	0	0	0	0	0	0	0	0	0	0	0	0	0	0
Endocrine	Non-immune	0	14	3	4	7	7	11	10	5	1	17	7	4	40	0	6	2	56	17	3	0	0	0	0	0	0	0	0	0	0	0	0	0	0	0	0	0	0	0	0	0	50	14	20	76	108	39	15	36	90	82	14	97	8	56	15	58	14	72	60	83	30	235	52	37	34	31	101	126	22	39	97	97	18	11	110	0	0	0	0	0	0	0	0	0	0	0	0	0	0	0	0	0	0	0	0	0	0	0	0
Endothelial cell	Non-immune	0	76	19	60	11	13	102	22	4	3	15	4	2	139	2	10	2	102	58	42	0	0	0	0	0	0	0	0	0	0	0	0	0	0	0	0	0	0	0	0	0	2161	825	1769	1248	188	832	432	1390	947	1305	825	436	187	102	318	662	163	545	564	205	421	1543	289	268	53	49	250	1019	219	62	616	629	251	41	65	0	0	0	0	0	0	0	0	0	0	0	0	0	0	0	0	0	0	0	0	0	0	0	0
Epithelial	Non-immune	259	876	641	187	282	760	117	495	188	28	561	52	11	2259	16	492	763	281	20	57	0	0	0	0	0	0	0	0	0	0	0	0	0	0	0	0	0	0	0	0	0	3124	1273	1988	1211	1000	3819	2429	2931	2463	1668	1272	578	327	784	652	1518	2816	1032	690	3677	2747	1142	996	1222	645	2436	517	1745	819	1237	578	1439	930	1347	2946	0	0	0	0	0	0	0	0	0	0	0	0	0	0	0	0	0	0	0	0	0	0	0	0
Fibroblast	Non-immune	1	81	22	83	89	23	409	374	9	12	42	15	0	48	4	117	31	24	4	23	0	0	0	0	0	0	0	0	0	0	0	0	0	0	0	0	0	0	0	0	0	453	21	78	233	30	40	9	134	49	199	21	76	49	2148	101	321	123	797	459	277	435	228	118	18	67	40	1499	620	173	95	82	83	73	42	1184	0	0	0	0	0	0	0	0	0	0	0	0	0	0	0	0	0	0	0	0	0	0	0	0
Stellate cell	Non-immune	4	13	3	41	6	7	585	51	2	4	5	12	1	22	1	4	3	432	15	5	0	0	0	0	0	0	0	0	0	0	0	0	0	0	0	0	0	0	0	0	0	575	45	102	322	157	86	58	272	116	271	45	239	306	585	372	368	168	814	701	174	697	1636	246	121	58	123	596	815	372	171	391	399	344	70	241	0	0	0	0	0	0	0	0	0	0	0	0	0	0	0	0	0	0	0	0	0	0	0	0
apapCAF	CAF	0	38	1	14	12	8	103	51	0	5	15	7	0	12	2	52	8	0	0	0	0	0	0	0	0	0	0	0	0	0	0	0	0	0	0	0	0	0	0	0	0	22	0	0	3	0	2	0	0	0	4	0	17	4	544	16	43	21	238	111	105	64	28	14	0	37	17	508	72	21	38	4	21	9	20	335	0	0	0	0	0	0	0	0	0	0	0	0	0	0	0	0	0	0	0	0	0	0	0	0
iCAF	CAF	0	6	9	30	32	2	116	156	2	0	0	2	0	1	1	6	8	9	0	14	0	0	0	0	0	0	0	0	0	0	0	0	0	0	0	0	0	0	0	0	0	253	12	49	148	20	31	7	95	40	138	12	29	10	516	28	106	46	208	112	49	181	74	36	5	0	5	345	223	74	21	41	27	21	0	216	0	0	0	0	0	0	0	0	0	0	0	0	0	0	0	0	0	0	0	0	0	0	0	0
meCAF	CAF	0	2	3	13	11	0	23	52	4	1	0	0	0	1	1	6	1	7	0	9	0	0	0	0	0	0	0	0	0	0	0	0	0	0	0	0	0	0	0	0	0	36	1	14	23	2	1	0	20	4	23	1	7	7	132	13	33	12	85	91	10	52	34	16	2	0	7	167	89	34	11	15	11	9	1	58	0	0	0	0	0	0	0	0	0	0	0	0	0	0	0	0	0	0	0	0	0	0	0	0
myCAF	CAF	0	3	3	8	11	1	31	25	0	1	0	0	0	1	0	5	2	0	0	0	0	0	0	0	0	0	0	0	0	0	0	0	0	0	0	0	0	0	0	0	0	17	1	0	9	1	0	0	3	0	5	1	1	2	190	9	22	4	41	8	10	19	16	6	0	5	0	83	25	7	5	2	8	4	0	113	0	0	0	0	0	0	0	0	0	0	0	0	0	0	0	0	0	0	0	0	0	0	0	0
stalCAF	CAF	1	32	6	18	23	12	136	90	3	5	27	6	0	33	0	48	12	8	4	0	0	0	0	0	0	0	0	0	0	0	0	0	0	0	0	0	0	0	0	0	0	125	7	15	50	7	6	2	16	5	29	7	22	26	766	35	117	40	225	137	103	119	76	46	11	25	11	396	211	37	20	20	16	30	21	462	0	0	0	0	0	0	0	0	0	0	0	0	0	0	0	0	0	0	0	0	0	0	0	0
B cell  plasma cell	B cells	14	10	14	5	6	12	717	248	6	17	2	5	8	8	2	24	4	17	17	6	4	4	15	1	1	6	9	2	1	16	0	5	1	1	18	4	4	36	1	10	7	27	3	11	15	37	12	3	11	10	9	3	9	8	58	235	40	8	110	42	67	13	370	76	1	46	44	238	142	17	24	13	61	4	61	137	21	16	75	17	48	24	42	24	11	3	81	5	69	4	60	12	40	17	58	13	27	6	46	7
B cell  plasmablast	B cells	0	0	0	0	1	0	0	1	0	0	0	0	0	0	0	0	0	0	0	0	0	0	0	0	0	0	0	1	0	0	0	0	0	0	1	0	0	1	0	0	0	0	0	0	0	0	0	0	0	0	1	0	1	0	0	9	0	0	11	12	1	0	10	30	0	0	0	16	0	1	0	0	3	0	0	0	1	2	2	1	8	7	2	0	3	10	12	1	431	1	4	2	0	0	4	0	1	0	2	7
B cell activated pre-memory	B cells	4	0	18	5	0	45	2	13	10	7	0	2	0	2	7	1	0	6	0	0	14	13	21	1	5	11	6	2	3	1	0	1	20	8	2	2	6	3	6	28	0	0	0	0	0	0	0	0	0	0	0	0	4	17	1	26	0	0	32	4	8	12	21	130	1	18	29	14	11	10	19	3	3	2	21	1	45	20	75	220	13	18	41	17	0	20	106	21	14	21	61	1	79	12	27	10	5	7	61	43
B cell DZ GC	B cells	0	0	1	0	0	1	0	1	0	0	0	0	0	0	0	0	0	0	0	0	0	0	0	0	0	0	0	0	0	0	0	0	0	0	0	0	0	0	0	0	0	0	0	0	0	0	0	0	0	0	0	0	0	5	0	37	0	0	7	4	3	0	0	4	0	0	9	1	0	0	1	0	1	0	0	0	0	0	3	1	2	0	3	0	0	0	180	0	1	1	26	0	32	0	2	2	0	0	4	0
B cell GZMB+ memory	B cells	0	0	5	0	0	10	2	0	0	0	0	1	1	1	0	0	0	3	2	0	3	1	4	2	2	3	3	0	3	1	0	0	4	1	1	7	2	5	2	4	0	2	0	2	0	0	0	0	1	2	0	0	3	9	2	12	2	0	14	8	5	5	5	96	0	18	13	10	2	3	8	0	5	0	15	1	6	16	43	54	3	18	57	7	4	2	85	4	127	5	40	8	70	3	22	4	5	1	27	14
B cell LZ GC	B cells	0	0	9	0	0	12	2	7	0	0	0	1	0	0	0	0	0	0	0	0	1	2	0	1	3	4	6	0	1	1	0	0	3	3	2	0	2	1	2	7	0	0	0	0	0	0	0	0	0	0	0	0	1	17	1	118	4	0	22	6	18	2	4	41	1	1	23	5	1	0	5	0	1	0	4	0	5	4	16	76	13	6	6	12	0	8	227	11	26	6	36	1	45	2	23	2	2	4	33	27
B cell memory	B cells	3	1	34	4	4	108	44	32	8	4	0	14	2	8	2	6	1	28	3	0	12	24	37	13	6	24	23	1	7	1	0	7	32	7	10	4	40	7	12	53	4	0	0	2	0	0	0	0	0	0	1	0	9	40	8	98	7	8	88	14	24	52	36	375	10	51	95	29	25	26	48	2	14	10	76	0	152	101	457	1037	88	175	518	205	1	166	1025	244	184	254	642	22	594	64	388	144	33	49	532	435
B cell memory activated	B cells	1	0	36	2	0	89	26	41	1	17	0	3	1	0	0	2	2	6	0	0	5	19	16	7	11	21	20	1	8	3	1	7	19	8	2	9	10	2	5	25	1	4	0	0	0	2	1	0	0	1	2	0	1	23	6	26	2	3	51	4	17	17	22	195	8	27	60	13	7	9	17	1	3	3	34	1	166	28	556	362	111	61	607	104	1	71	972	75	89	110	803	6	967	56	472	62	40	18	738	182
B cell MZ	B cells	2	1	5	1	1	10	0	3	1	0	0	0	0	0	0	1	0	0	0	0	0	8	6	6	2	0	5	0	1	0	0	1	2	2	0	2	8	0	0	7	3	0	0	0	0	0	0	0	0	0	0	0	2	3	0	4	0	0	8	0	6	4	2	40	0	8	3	1	0	1	2	1	1	2	3	0	10	14	12	62	3	26	15	78	0	40	29	14	5	117	57	15	73	21	18	9	2	10	29	93
B cell naive	B cells	2	1	34	1	2	99	8	18	4	4	0	1	0	2	6	1	0	6	0	0	20	19	35	6	8	15	17	7	3	0	1	1	18	10	1	4	19	10	13	44	2	0	0	0	0	0	0	0	0	0	0	0	1	11	1	15	2	1	23	4	16	8	11	184	6	15	42	6	1	5	15	1	2	4	21	0	75	40	92	71	82	104	145	84	0	109	1341	193	24	168	491	2	301	43	174	140	1	46	260	292
Myeloid DC CD207+ LC-like DC	Myeloid	0	0	2	2	1	3	20	2	0	0	1	1	0	1	2	0	0	0	1	0	0	0	0	0	1	0	1	0	0	0	0	0	0	0	0	0	0	0	0	0	0	2	0	0	0	1	0	0	0	0	0	0	2	1	14	4	2	0	3	3	13	1	9	4	0	1	3	9	3	4	5	1	1	0	0	5	0	0	3	0	94	0	16	0	2	0	0	0	16	0	1	0	0	0	75	0	17	0	0	0
Myeloid DC cDC CD1C+	Myeloid	7	1	7	10	0	1	2	8	0	0	3	5	2	0	32	0	2	0	27	0	3	20	24	21	2	12	17	6	2	14	7	16	37	4	21	1	5	4	8	7	5	9	0	2	7	3	0	0	1	4	9	0	7	3	5	8	13	4	12	15	12	6	16	43	6	3	3	18	9	15	5	3	3	3	0	0	0	32	0	10	0	64	0	4	0	24	0	51	0	73	0	128	0	45	0	21	0	33	0	1
Myeloid DC CLEC9A+ DC	Myeloid	0	0	1	0	0	1	11	34	1	0	6	2	2	0	2	0	1	2	3	0	0	0	0	0	0	0	0	2	1	2	1	1	1	2	2	1	0	2	0	0	0	7	0	1	3	2	0	0	1	0	3	0	2	0	1	2	0	0	1	3	7	1	2	4	0	1	5	9	3	0	1	1	0	0	2	0	0	0	3	0	16	7	0	0	0	1	0	4	15	2	1	15	2	5	2	5	6	3	4	0
Myeloid DC DC2A CD1A+	Myeloid	0	0	0	0	1	2	20	18	1	0	0	0	2	2	2	1	0	2	1	1	0	1	0	0	1	0	1	0	0	1	0	1	0	0	2	0	0	0	0	0	0	0	0	0	0	1	0	0	0	0	1	0	5	2	4	1	3	0	2	5	4	0	10	2	1	1	3	8	6	10	3	0	2	4	0	5	9	0	18	0	26	0	22	0	24	0	5	0	24	0	19	0	1	0	6	0	12	0	12	0
Myeloid DC DC2B CCL17+	Myeloid	0	0	4	7	3	1	20	18	0	0	1	0	3	3	0	4	1	5	2	0	0	0	0	0	1	0	0	0	0	1	0	1	2	1	0	0	0	0	0	0	0	4	1	1	2	3	0	0	0	0	3	1	3	3	18	3	6	2	11	14	12	1	30	14	1	9	13	20	8	10	8	4	14	4	1	4	3	0	10	0	96	0	5	0	61	0	7	0	22	0	12	0	0	0	39	0	24	0	3	0
Myeloid DC DC2B CXCL2/3+	Myeloid	1	4	4	8	3	2	18	48	2	2	3	2	5	4	2	10	0	9	13	0	0	0	1	0	2	0	2	1	1	1	0	1	1	0	4	0	0	0	0	0	0	3	0	1	3	4	0	0	0	1	5	0	10	0	20	19	8	0	15	53	38	7	54	20	4	14	12	20	13	28	10	8	14	5	1	4	8	0	46	0	8	0	7	0	6	0	7	0	160	0	43	0	11	0	28	0	20	0	22	0
Myeloid DC moDC	Myeloid	12	12	17	31	28	10	119	61	89	35	43	38	48	70	13	67	3	36	66	9	9	40	101	84	13	49	34	85	47	94	18	46	23	13	86	0	8	9	13	33	9	40	14	19	72	18	0	2	3	8	34	14	24	27	109	104	75	15	65	140	199	26	281	72	17	76	93	124	99	82	47	72	90	38	41	80	12	2	49	6	352	29	102	3	60	12	3	19	60	33	18	240	12	7	58	13	161	12	10	0
Myeloid DC moDC HLAhi	Myeloid	0	0	3	2	5	0	5	1	9	1	4	2	0	0	0	8	0	0	3	0	5	45	116	75	14	67	50	15	13	13	29	54	43	22	7	0	6	27	39	4	12	0	0	1	2	0	0	0	0	1	3	0	0	2	0	6	3	0	0	0	4	0	5	2	0	0	1	1	1	1	0	1	0	0	0	0	0	0	0	1	0	3	0	0	0	0	0	1	0	2	0	31	0	207	0	0	0	4	0	0
Myeloid DC mregDC	Myeloid	0	1	0	1	0	0	1	2	0	1	0	0	0	2	0	3	0	0	0	0	0	0	0	0	1	0	1	0	0	0	0	0	0	0	3	0	0	0	0	0	0	0	0	0	0	1	0	0	0	0	1	0	1	2	4	1	0	0	3	10	8	0	7	3	0	0	7	5	3	3	5	1	1	1	1	1	0	0	7	0	26	0	42	0	8	0	0	0	22	0	5	0	0	0	28	0	3	0	3	0
Myeloid DC pDC	Myeloid	1	0	8	7	2	6	0	7	2	8	0	7	3	4	4	5	2	3	10	0	0	10	7	5	4	5	10	0	0	13	2	6	11	8	1	0	4	0	5	0	1	2	0	2	2	2	0	0	0	1	2	0	2	2	2	4	1	1	2	2	2	0	0	5	0	2	1	1	5	3	2	1	1	0	0	0	0	23	0	1	17	20	1	1	1	17	7	20	41	25	10	59	2	19	2	4	0	6	23	5
Myeloid granulocyte	Myeloid	24	12	10	26	16	4	56	40	24	86	4	37	21	36	15	77	3	160	35	4	3	6	14	16	9	9	3	17	16	25	6	14	16	1	16	1	1	5	3	8	2	7	2	4	21	4	0	0	0	6	18	2	17	8	42	94	34	3	18	107	131	8	154	20	14	68	31	39	37	36	9	19	23	9	16	15	23	0	225	0	164	0	126	0	155	0	4	0	216	0	116	0	11	0	134	0	64	0	254	0
Myeloid Mast	Myeloid	0	0	3	2	0	4	383	76	2	2	0	0	1	7	0	1	5	45	0	0	0	0	0	2	0	0	0	10	4	2	0	0	1	0	0	0	1	0	0	0	0	0	0	0	0	0	0	0	0	0	0	0	0	1	4	0	0	4	0	4	2	1	0	0	0	1	3	0	0	6	0	0	0	0	0	0	5	0	2	0	504	0	9	0	84	0	3	0	100	0	8	0	0	0	228	0	12	0	5	0
Myeloid Mast activated	Myeloid	0	2	9	10	1	29	609	218	14	6	0	4	37	58	1	5	5	119	14	0	2	2	7	16	4	4	0	37	26	25	2	7	4	2	5	2	3	3	3	1	2	1	1	1	2	3	0	0	0	0	3	1	3	4	44	0	0	15	0	23	24	12	6	5	0	6	9	14	0	57	23	4	0	0	2	3	56	0	60	0	858	0	45	0	88	0	15	0	638	0	44	0	4	0	35	0	42	0	152	0
Myeloid megakaryocyte	Myeloid	0	0	0	0	0	0	0	0	0	0	0	0	0	0	0	0	0	0	0	0	0	1	3	10	2	5	0	2	1	0	0	0	3	3	2	1	1	1	2	2	0	0	0	0	0	0	0	0	0	0	0	0	0	0	0	0	0	0	0	0	0	0	0	0	0	0	0	0	0	0	0	0	0	0	0	0	0	0	0	4	0	0	0	0	0	2	0	0	0	0	0	0	0	1	0	0	0	5	0	5
Myeloid momac CES1	Myeloid	7	6	0	4	26	3	71	17	10	3	20	13	39	35	0	59	4	16	23	0	0	1	1	14	0	0	0	15	0	11	0	20	0	0	44	0	1	0	0	12	0	2	3	5	7	2	0	0	1	1	8	3	1	1	19	33	7	1	5	14	32	3	59	11	3	22	9	17	2	7	6	12	10	2	6	12	3	0	6	0	16	0	10	0	42	0	0	0	73	0	1	0	0	0	14	0	110	0	10	0
Myeloid momac FCN1	Myeloid	20	11	3	22	16	3	141	46	18	29	31	15	53	40	4	34	1	72	73	11	3	1	15	5	5	5	12	11	6	18	1	12	9	0	30	4	4	15	2	13	1	17	5	8	14	2	0	1	0	4	15	5	17	14	60	56	46	6	46	78	169	19	203	29	6	63	39	60	33	65	13	47	55	19	20	52	0	0	9	0	168	0	53	0	282	0	0	0	218	0	11	0	0	0	65	0	124	0	7	0
Myeloid momac FCN1 cycling	Myeloid	0	0	1	0	1	1	7	3	0	0	1	0	0	0	0	6	1	20	1	0	0	1	0	0	0	1	0	0	0	0	0	0	0	0	5	0	1	0	0	1	0	3	0	3	2	3	0	0	1	0	8	0	1	1	10	5	4	0	4	7	5	2	5	9	1	0	1	2	3	5	1	6	8	2	2	4	2	0	10	0	8	0	22	0	115	0	2	0	7	0	5	0	0	0	3	0	18	0	7	0
Myeloid momac FOLR2	Myeloid	1	3	2	5	6	6	355	123	5	10	6	2	5	11	2	51	3	145	22	0	2	0	3	1	4	1	4	9	2	9	1	1	1	1	68	0	0	0	1	5	0	25	2	8	48	7	2	1	2	1	24	2	16	26	88	48	38	5	41	100	100	22	97	21	6	52	29	61	35	51	17	34	50	12	18	52	49	0	147	0	178	0	43	0	46	0	3	0	267	0	50	0	5	0	269	0	746	0	66	0
Myeloid momac FOLR2 cycling	Myeloid	24	2	0	5	0	1	72	12	18	23	2	9	2	22	0	17	1	25	3	0	0	4	8	4	3	6	2	27	13	17	1	0	1	0	16	0	0	7	2	2	0	15	4	12	36	1	0	0	1	4	11	4	7	15	38	19	42	4	22	35	75	6	66	24	11	42	11	43	36	29	9	40	77	12	7	47	5	0	10	0	60	0	7	0	2	0	0	0	26	0	4	0	0	0	20	0	285	0	2	0
Myeloid momac PLIN2	Myeloid	60	120	6	16	91	20	252	78	28	39	26	14	291	518	2	109	1	93	164	2	1	4	31	43	9	15	11	32	1	21	0	53	7	1	87	1	1	5	0	15	4	18	4	7	15	2	0	0	2	2	13	4	35	15	247	93	29	34	28	90	279	55	183	17	23	179	167	109	38	102	51	81	91	13	63	171	1	0	8	0	46	0	18	0	471	0	0	0	523	0	12	0	0	0	52	0	250	0	4	0
Myeloid momac RETN	Myeloid	0	1	0	3	8	0	24	0	1	0	3	1	13	3	0	36	2	1	8	0	0	0	0	1	0	0	0	3	0	1	0	2	0	0	20	0	0	0	0	2	0	1	0	0	1	1	0	0	0	0	0	0	0	1	0	4	5	0	3	5	2	0	7	0	1	8	0	4	0	5	15	2	0	0	2	0	0	0	0	0	2	0	0	0	142	0	0	0	0	0	1	0	0	0	26	0	0	0	0	0
Myeloid momac TREM2	Myeloid	49	51	20	47	81	17	519	184	42	11	26	24	92	309	0	174	11	227	91	8	1	14	21	38	9	13	23	46	6	28	1	32	4	2	130	1	1	4	1	26	0	41	22	17	51	5	0	0	5	4	35	22	24	28	165	105	101	42	76	159	236	54	252	33	15	217	150	200	84	110	73	82	117	24	55	163	23	0	41	0	111	0	50	0	27	0	0	0	155	0	16	0	1	0	34	0	1038	0	27	0
Myeloid momac TREM2 cycling	Myeloid	0	0	0	0	4	0	16	4	2	0	4	2	2	5	0	4	0	6	1	0	0	0	0	0	0	1	0	4	0	0	0	2	0	0	3	0	0	0	0	1	0	4	0	0	4	0	0	0	0	0	7	0	2	2	8	1	7	1	1	5	2	0	13	4	1	4	0	2	2	1	2	2	4	0	0	4	1	0	23	0	71	0	4	0	7	0	0	0	51	0	4	0	0	0	9	0	86	0	15	0
Myeloid monocyte CD14	Myeloid	31	7	45	80	64	10	2	2	1341	50	8	171	5	6	6	63	0	31	48	0	117	375	474	1207	710	491	276	2037	1268	1890	119	203	189	110	529	6	34	111	177	55	270	0	0	2	5	0	0	0	0	2	5	0	1	2	2	14	3	0	0	8	7	1	20	11	0	1	4	7	4	1	2	0	0	2	0	1	0	141	0	113	0	182	0	56	0	964	0	210	0	153	0	5114	0	1361	0	325	0	196	0	254
Myeloid monocyte CD14 FOLR3lo	Myeloid	34	13	48	54	30	7	1	6	1031	73	31	143	13	6	15	73	0	31	85	12	80	214	253	823	546	288	123	1316	950	1217	51	80	65	32	367	1	41	50	82	31	204	3	1	5	13	1	0	0	0	0	11	1	4	0	15	30	10	1	1	18	10	5	26	22	2	7	3	9	2	4	5	2	2	4	1	1	0	1264	0	86	0	282	0	47	0	316	0	817	0	933	0	439	0	3	0	291	0	584	0	112
Myeloid monocyte CD14CD16	Myeloid	0	3	6	12	4	2	0	0	35	0	1	6	4	7	1	28	0	1	44	0	5	14	89	30	18	28	25	24	14	26	5	27	21	10	17	2	22	40	13	15	4	3	0	1	1	1	0	0	2	2	1	0	6	1	0	5	5	0	1	11	5	0	7	5	0	0	0	0	4	0	2	0	2	2	2	0	0	174	0	11	0	63	0	17	0	114	0	139	0	141	0	291	0	2	0	33	0	39	0	77
Myeloid monocyte CD16	Myeloid	3	1	11	12	6	7	0	0	6	0	1	9	2	13	3	28	0	0	29	0	13	10	92	12	72	50	55	15	1	11	14	25	35	38	18	14	80	106	45	40	11	0	0	1	0	2	0	0	1	0	1	0	11	0	0	0	4	0	1	2	2	0	2	1	0	0	2	2	2	0	0	0	0	1	0	0	0	388	0	11	0	78	0	54	0	150	0	191	0	166	0	841	0	272	0	8	0	76	0	26
Myeloid monocyte conv	Myeloid	29	21	22	21	20	11	10	8	23	29	19	23	25	37	14	63	0	26	33	17	0	5	8	4	2	4	2	1	4	2	2	4	1	1	2	0	1	3	0	0	0	2	1	2	6	0	0	0	0	1	4	1	18	5	22	69	11	0	3	29	41	8	51	11	10	27	23	9	12	9	4	8	9	3	1	4	9	0	69	0	5	0	99	0	15	0	62	0	14	0	54	0	1	0	22	0	7	0	15	0
Myeloid monocyte nonconv	Myeloid	2	2	5	1	3	2	11	2	3	0	2	1	1	6	1	16	0	4	7	1	0	1	0	0	0	1	1	0	0	1	0	0	0	0	0	0	0	1	0	1	0	1	0	0	0	0	0	0	0	1	0	0	0	0	1	5	0	0	2	10	2	1	8	3	2	0	2	3	4	1	1	2	1	2	0	0	0	0	7	0	3	0	15	0	10	0	23	0	10	0	11	0	1	0	5	0	3	0	10	0
NK cell iNKTs	T cells	0	0	0	0	0	0	0	0	0	0	0	0	0	0	0	0	0	0	0	0	0	1	3	0	0	0	1	0	0	1	1	0	1	1	0	0	1	3	0	3	0	0	0	0	0	0	0	0	0	0	0	0	0	0	0	0	0	0	0	0	0	0	0	0	0	0	0	0	0	0	0	0	0	1	0	0	0	0	1	0	1	2	2	0	0	0	4	0	0	0	1	0	1	1	0	0	1	0	1	0
NK cell NK active	T cells	0	3	10	11	30	2	9	12	17	0	3	8	3	13	7	11	0	8	12	0	46	17	24	183	89	40	63	15	19	17	19	17	93	21	8	368	209	61	66	159	15	6	0	6	5	10	0	0	3	6	6	0	8	3	27	25	10	2	0	7	2	3	14	33	1	10	1	23	17	3	6	6	3	8	0	4	10	593	135	586	11	429	3	94	7	362	24	83	13	130	30	147	1	245	35	81	24	139	11	558
NK cell NK CD56bright	T cells	31	1	5	10	3	22	6	5	5	1	0	2	2	12	1	5	0	4	4	0	32	8	5	28	28	13	14	11	5	4	4	8	11	7	5	41	46	13	27	77	11	5	0	1	0	2	0	0	2	2	3	0	1	5	1	1	3	0	3	7	6	6	11	13	0	3	0	3	2	2	2	0	1	0	0	5	10	60	11	49	9	49	4	51	7	39	3	18	7	85	23	75	1	17	10	46	16	14	6	76
NK cell NK like NK cell	T cells	3	4	20	10	9	6	19	23	21	6	0	2	4	15	2	16	1	16	4	0	14	8	24	72	55	6	122	10	21	4	1	5	15	14	8	244	92	50	18	185	6	9	0	6	1	2	1	0	5	11	9	0	6	4	20	26	10	2	15	10	6	8	54	24	5	3	7	23	35	5	8	11	8	7	4	6	19	18	23	11	18	123	72	218	14	196	82	9	17	62	42	13	27	30	11	0	22	6	74	226
NK cell NK mature	T cells	0	4	20	26	33	6	5	3	35	2	0	11	9	19	8	30	0	29	18	1	54	23	30	135	112	44	60	22	28	14	21	32	104	38	21	212	220	66	90	244	28	7	0	2	1	2	0	0	1	2	12	0	3	3	7	15	11	0	3	8	0	1	20	32	1	4	12	7	7	0	9	6	6	7	0	4	1	261	58	239	24	644	12	147	7	433	26	202	21	237	80	310	7	450	17	134	17	104	8	372
NK cell NK terminal	T cells	2	7	8	17	11	4	12	12	10	0	0	7	6	13	3	18	0	12	8	1	33	15	24	63	60	32	36	10	25	8	12	21	52	17	8	133	98	32	37	92	13	1	0	4	0	2	1	1	2	3	3	0	5	4	8	20	8	0	5	8	6	8	12	13	3	8	6	13	11	1	12	17	3	4	1	2	0	19	17	68	3	53	3	17	2	44	3	19	4	18	13	44	4	151	1	12	3	12	2	42
NK cell NK transitional	T cells	41	7	7	9	3	21	42	34	16	8	0	4	11	14	1	18	3	41	9	1	21	10	25	23	43	19	35	11	9	3	3	17	14	11	11	48	60	18	20	85	10	6	0	2	5	0	5	1	3	2	2	0	2	16	24	27	9	2	13	31	24	3	62	31	8	18	12	45	26	8	16	16	14	5	13	10	44	45	137	59	95	41	33	33	28	149	149	45	122	48	56	49	17	31	56	26	147	15	65	61
T cell CD4 CM	T cells	10	4	64	40	4	39	67	59	56	11	0	11	17	48	34	23	1	25	1	0	84	101	50	43	79	97	106	35	37	18	25	54	122	54	47	86	320	180	75	349	23	2	2	1	5	0	0	0	2	11	14	1	7	6	24	56	8	4	37	3	12	21	47	84	9	21	86	8	35	1	27	7	2	10	15	4	37	117	86	127	71	407	144	135	36	125	177	133	68	231	194	234	163	93	88	23	30	93	48	216
T cell CD4 CM Activated	T cells	0	1	5	1	1	5	7	1	12	1	2	5	0	6	3	4	0	3	0	0	8	15	3	8	33	4	15	10	18	22	5	5	27	11	17	13	12	19	32	61	12	1	1	1	1	2	4	5	2	4	3	1	1	1	8	5	3	0	5	2	2	3	13	4	1	5	10	6	6	3	1	3	5	1	4	1	0	0	4	3	5	23	3	5	6	3	2	1	2	9	1	37	5	5	8	3	63	17	2	11
T cell CD4 EM	T cells	5	2	28	23	5	21	78	35	11	19	3	10	7	29	15	16	0	58	5	0	43	64	31	13	52	39	48	10	8	20	20	30	90	36	45	50	73	104	50	140	16	16	6	3	9	8	22	11	16	14	31	6	6	15	49	45	13	8	61	17	17	24	106	37	9	32	79	30	66	31	15	39	24	19	26	8	65	110	182	78	107	229	105	43	63	72	156	56	59	127	117	121	347	130	81	20	30	35	44	113
T cell CD4 Exhausted	T cells	1	2	9	15	1	4	29	9	7	20	1	5	5	18	0	2	6	23	36	0	5	7	1	0	4	4	5	0	2	4	0	2	4	4	6	16	10	16	5	14	1	10	15	6	35	7	15	9	6	16	21	15	1	1	23	5	8	1	12	13	3	9	104	7	6	3	11	16	58	5	11	32	13	6	8	6	23	3	138	1	123	10	35	0	10	4	221	4	22	2	72	3	26	1	71	0	20	0	12	5
T cell CD4 Naive	T cells	28	12	144	39	13	71	41	46	31	9	2	88	20	50	109	103	0	22	1	0	279	228	115	82	191	207	549	39	130	84	119	78	552	85	153	119	947	820	263	1240	55	4	3	1	9	0	2	1	0	15	8	3	5	7	10	60	4	0	8	1	7	19	18	171	8	21	90	1	11	7	25	3	1	6	1	0	136	1083	262	866	179	5629	665	1645	80	609	402	1204	127	3390	447	1407	508	593	349	280	59	733	139	1505
T cell CD4 Senescent	T cells	0	5	1	4	6	2	18	23	23	3	0	0	1	1	0	2	0	2	11	2	2	9	40	7	33	1	208	13	32	0	0	0	0	3	1	185	76	58	62	49	29	2	0	0	4	0	0	0	0	4	6	0	1	0	3	11	14	0	4	0	0	2	11	17	2	4	1	1	3	3	1	0	1	8	1	1	11	164	6	35	2	11	1	178	7	341	2	108	3	114	11	16	0	59	7	4	6	14	19	427
T cell CD4 Tfh	T cells	9	0	27	17	4	14	62	61	9	29	0	4	2	16	9	12	5	14	4	0	28	26	16	7	11	30	29	11	14	3	5	19	35	18	10	29	34	33	23	69	7	9	0	1	7	1	3	0	0	10	6	1	4	9	26	55	6	0	18	13	9	14	68	23	7	18	35	14	32	3	9	11	10	9	8	2	200	27	268	61	435	217	508	65	59	69	1147	131	278	125	992	101	525	81	513	18	67	40	370	100
T cell CD4 Tfh Activated	T cells	3	1	14	4	6	10	30	47	7	6	0	3	7	13	10	11	1	16	4	0	24	19	13	6	23	15	36	6	15	6	9	17	23	13	11	24	95	33	14	55	11	5	0	0	7	0	2	0	0	9	7	0	5	11	19	56	4	0	34	16	6	13	95	43	1	12	31	26	20	8	12	18	5	6	10	7	13	18	81	19	137	74	83	23	12	20	509	43	44	45	189	39	90	25	96	5	13	14	34	27
T cell CD4 Th1	T cells	0	5	1	4	1	10	11	21	2	3	0	0	4	3	3	1	0	8	13	0	7	5	12	24	23	5	183	6	25	0	1	1	10	6	3	145	39	33	56	54	15	4	0	0	2	0	0	0	0	6	5	0	0	0	8	17	9	0	5	1	0	4	10	11	1	4	3	6	7	3	6	0	0	5	0	2	9	155	8	60	14	34	2	118	11	284	5	86	3	100	13	29	1	56	12	7	12	20	5	397
T cell CD4 Th17	T cells	7	3	59	33	6	9	105	36	34	24	0	9	10	27	38	38	1	38	6	0	109	164	60	33	86	81	105	45	67	4	8	64	148	69	34	82	249	104	73	265	29	2	0	0	6	0	0	0	0	7	2	0	0	3	24	14	1	4	4	3	10	10	27	29	1	4	51	3	16	6	8	4	4	6	5	3	85	126	317	153	234	591	157	174	86	199	320	242	148	248	199	447	188	134	296	43	106	106	113	275
T cell CD4 Th17 Activated	T cells	5	2	19	21	15	10	125	42	16	24	0	6	8	28	11	20	3	14	7	1	42	52	9	17	66	16	40	11	21	2	1	16	38	10	16	24	31	35	35	76	8	8	1	0	7	0	0	0	0	6	5	1	3	5	25	25	3	6	18	5	5	8	46	27	6	9	68	7	42	3	17	4	13	8	2	1	24	11	106	14	163	38	126	32	24	33	123	17	72	22	140	69	67	35	92	4	53	19	47	32
T cell CD4 Th2	T cells	16	5	55	27	6	19	100	71	34	30	0	6	12	43	22	25	3	29	3	0	67	108	53	27	70	81	102	37	43	9	16	45	139	61	16	81	238	92	90	268	17	1	0	0	5	0	1	0	0	4	13	0	1	5	42	37	5	3	20	12	12	19	60	40	3	15	45	19	30	10	17	10	5	4	10	6	136	131	336	173	425	522	424	154	138	216	724	300	286	303	462	477	347	183	493	44	188	129	233	279
T cell CD4 Treg	T cells	4	2	25	6	4	25	152	78	8	45	1	12	7	13	10	23	1	6	1	1	48	31	27	11	31	34	67	24	23	3	8	26	47	15	17	37	91	68	38	123	19	2	1	1	1	0	0	0	0	1	3	1	6	7	29	23	2	2	30	10	7	17	77	22	3	18	39	61	19	13	26	11	16	4	19	11	71	61	169	101	600	309	250	72	65	106	494	112	220	138	243	142	252	67	293	19	106	57	98	107
T cell CD4 Treg Activated	T cells	5	2	15	3	4	14	229	73	3	27	1	8	6	12	3	13	5	17	6	2	28	12	19	5	10	8	33	6	13	7	2	16	27	10	9	17	54	21	13	64	4	2	0	0	4	0	0	0	1	5	5	0	6	15	58	17	5	0	88	30	25	21	92	25	4	34	41	146	31	35	52	20	33	9	27	26	61	25	198	59	657	97	279	33	83	49	417	51	289	57	179	48	195	38	331	10	163	22	53	24
T cell CD8 CM Activated	T cells	0	4	10	9	2	3	18	10	18	4	5	5	3	14	5	6	1	32	1	0	23	8	9	23	25	18	46	15	41	18	5	22	29	17	12	59	65	33	17	39	10	4	2	3	8	1	1	0	5	5	4	2	2	5	23	32	4	0	8	11	6	7	34	16	8	16	37	6	35	9	10	10	7	5	9	10	6	138	17	4	9	9	3	3	17	30	4	35	15	17	5	49	4	3	9	3	10	2	5	51
T cell CD8 EM	T cells	19	19	95	63	17	89	323	294	42	102	0	9	17	80	18	59	4	186	85	10	60	54	61	28	80	30	185	28	55	7	4	25	65	49	52	400	89	93	63	273	18	41	2	6	45	6	4	0	6	43	55	2	10	28	214	144	38	10	124	122	36	51	332	109	24	47	69	144	233	55	48	120	81	58	67	37	1274	843	1912	167	770	546	2747	312	447	979	3474	321	844	485	1691	228	1615	294	787	36	429	75	977	790
T cell CD8 EM Activated	T cells	10	3	23	8	2	22	81	99	13	35	0	2	3	18	6	24	1	76	20	0	8	4	17	4	24	3	21	6	13	4	3	3	5	4	7	42	18	13	7	35	4	15	0	3	7	1	0	0	7	9	23	0	0	7	45	45	5	2	25	35	10	17	94	19	13	11	25	38	39	9	17	24	20	12	11	9	364	24	546	25	355	84	568	32	125	130	1746	86	288	48	744	40	411	20	337	5	208	5	500	79
T cell CD8 EMRA	T cells	0	8	23	25	10	18	48	99	30	15	0	6	5	16	11	25	0	49	37	1	50	30	58	35	90	19	210	30	42	1	1	12	46	22	26	437	194	54	57	163	23	16	1	1	20	0	0	0	7	30	25	1	7	5	44	89	43	3	45	15	3	26	80	62	15	13	9	43	62	12	15	13	9	45	3	14	122	966	131	359	61	355	207	734	74	1264	168	677	63	744	134	130	236	592	146	45	68	127	66	1466
T cell CD8 Exhausted	T cells	69	14	52	39	9	71	136	104	57	45	2	19	24	48	9	63	3	139	88	15	16	20	32	44	77	16	24	23	18	18	4	10	28	8	27	66	14	44	24	95	14	22	21	30	22	16	46	29	31	24	26	21	12	28	118	84	40	13	85	99	92	36	226	70	16	41	71	143	150	23	31	156	109	31	136	69	44	4	520	6	151	13	110	6	45	20	501	9	66	12	134	9	60	5	21	2	57	6	21	16
T cell CD8 Naive	T cells	12	0	42	3	2	16	7	10	40	3	0	3	5	12	33	21	0	24	0	0	96	45	23	15	42	35	59	66	15	8	7	20	140	12	32	35	65	174	171	141	31	1	0	0	3	0	0	0	0	1	6	0	0	0	4	24	2	0	3	0	0	5	11	35	0	8	9	2	6	1	5	4	1	5	0	0	11	82	30	37	11	332	43	370	18	81	71	178	12	488	57	175	19	37	16	16	8	68	13	188
T cell CD8 Senescent	T cells	0	16	6	21	11	12	54	87	69	10	0	1	3	8	3	9	0	34	13	2	20	22	35	16	72	6	204	38	49	0	1	1	9	11	11	217	80	81	75	151	27	9	0	2	10	1	0	0	1	10	12	0	0	6	8	30	28	1	28	8	1	5	56	35	6	2	7	10	24	12	6	3	10	22	3	7	34	259	152	113	22	44	55	270	27	553	163	304	34	266	33	17	18	170	38	13	23	39	60	634
T cell gdT	T cells	75	3	10	6	4	46	17	29	14	2	0	8	3	31	3	22	3	24	3	0	7	1	4	2	6	1	7	2	3	0	0	0	4	3	6	15	4	6	2	14	2	2	0	1	2	0	0	0	2	1	4	0	1	21	30	30	7	1	14	11	53	20	37	22	10	13	8	29	12	15	12	10	7	1	8	13	9	2	64	6	111	4	12	1	17	14	48	2	71	4	11	4	4	6	113	1	119	2	15	6
T cell MAIT	T cells	10	4	66	14	6	17	63	18	12	21	1	2	6	22	16	12	2	17	5	0	62	14	4	5	64	20	23	10	17	0	0	12	36	9	5	34	29	22	28	51	3	19	1	3	23	1	2	1	2	33	35	1	4	9	23	11	9	2	6	7	7	17	57	10	13	18	46	21	46	4	18	31	17	10	9	12	4	1	86	6	116	102	33	16	7	5	92	15	28	4	83	26	11	6	22	1	43	6	22	43
B cells	broad immune	26	13	156	18	14	386	801	364	30	49	2	27	12	21	17	35	7	66	22	6	59	90	134	37	38	84	89	14	27	23	2	22	99	40	37	32	91	65	41	178	17	33	3	15	15	39	13	3	12	13	13	3	31	133	77	580	57	20	366	98	165	113	481	1171	27	184	318	333	189	72	139	21	94	25	235	140	481	241	1331	1901	371	439	1436	531	20	429	4058	568	970	687	2220	69	2201	218	1188	386	116	141	1732	1100
Myeloid cells	broad immune	305	273	237	388	420	153	2745	1018	2707	408	246	531	671	1205	121	942	46	1079	807	65	244	769	1268	2411	1432	1055	653	3715	2376	3443	260	608	475	251	1485	35	215	393	396	274	525	210	60	103	317	69	2	4	20	43	225	60	219	166	942	733	457	138	366	950	1423	239	1573	395	124	804	624	796	448	645	319	433	575	162	241	628	209	2024	753	243	2829	728	696	182	1648	1600	141	1452	2658	1528	446	7158	51	1922	1154	700	3028	958	651	480
T cells	broad immune	288	117	793	425	139	547	1801	1352	548	488	18	222	175	556	371	534	40	856	350	34	1116	1039	692	455	1192	770	2305	471	701	238	244	478	1624	530	563	2213	2827	2136	1273	3789	378	197	56	63	242	44	102	56	88	268	319	56	82	194	857	915	261	60	682	434	323	368	1701	918	166	369	871	780	983	271	389	533	393	290	382	249	2739	4350	5619	2473	4758	9680	6560	4421	1457	5206	10966	4115	3042	6979	6151	3848	5092	2633	4219	602	1881	1629	2896	6791
NK cells	broad immune	77	26	70	83	89	61	93	89	104	17	3	34	35	86	22	98	4	110	55	3	200	82	135	504	387	154	331	79	107	51	61	100	290	109	61	1046	726	243	258	845	83	34	0	21	12	18	7	2	16	26	35	0	25	35	87	114	51	6	39	71	44	29	173	146	18	46	38	114	98	19	53	56	35	32	18	31	84	996	382	1012	161	1341	129	560	65	1223	291	376	184	580	245	638	58	925	130	299	230	290	167	1335
Acinar	broad all	1	51	7	95	21	15	12	29	19	5	5	3	27	82	1	7	3	269	637	520	0	0	0	0	0	0	0	0	0	0	0	0	0	0	0	0	0	0	0	0	0	666	1067	1594	2129	242	746	127	509	799	620	1067	19	6	29	27	439	44	112	94	69	62	32	80	28	46	59	27	487	16	26	48	118	80	22	98	0	0	0	0	0	0	0	0	0	0	0	0	0	0	0	0	0	0	0	0	0	0	0	0
Centroacinar	broad all	0	0	1	1	2	0	0	1	0	0	3	0	0	0	0	2	0	1	0	1	0	0	0	0	0	0	0	0	0	0	0	0	0	0	0	0	0	0	0	0	0	158	101	98	46	36	139	116	132	176	56	102	2	4	4	2	28	1	11	9	2	4	1	13	3	0	1	3	29	1	4	13	20	17	2	5	0	0	0	0	0	0	0	0	0	0	0	0	0	0	0	0	0	0	0	0	0	0	0	0
Endocrine	broad all	0	14	3	4	7	7	11	10	5	1	17	7	4	40	0	6	2	56	17	3	0	0	0	0	0	0	0	0	0	0	0	0	0	0	0	0	0	0	0	0	0	50	14	20	76	108	39	15	36	90	82	14	97	8	56	15	58	14	72	60	83	30	235	52	37	34	31	101	126	22	39	97	97	18	11	110	0	0	0	0	0	0	0	0	0	0	0	0	0	0	0	0	0	0	0	0	0	0	0	0
Endothelial cell	broad all	0	76	19	60	11	13	102	22	4	3	15	4	2	139	2	10	2	102	58	42	0	0	0	0	0	0	0	0	0	0	0	0	0	0	0	0	0	0	0	0	0	2161	825	1769	1248	188	832	432	1390	947	1305	825	436	187	102	318	662	163	545	564	205	421	1543	289	268	53	49	250	1019	219	62	616	629	251	41	65	0	0	0	0	0	0	0	0	0	0	0	0	0	0	0	0	0	0	0	0	0	0	0	0
Epithelial	broad all	259	876	641	187	282	760	117	495	188	28	561	52	11	2259	16	492	763	281	20	57	0	0	0	0	0	0	0	0	0	0	0	0	0	0	0	0	0	0	0	0	0	3124	1273	1988	1211	1000	3819	2429	2931	2463	1668	1272	578	327	784	652	1518	2816	1032	690	3677	2747	1142	996	1222	645	2436	517	1745	819	1237	578	1439	930	1347	2946	0	0	0	0	0	0	0	0	0	0	0	0	0	0	0	0	0	0	0	0	0	0	0	0
Fibroblast	broad all	1	81	22	83	89	23	409	374	9	12	42	15	0	48	4	117	31	24	4	23	0	0	0	0	0	0	0	0	0	0	0	0	0	0	0	0	0	0	0	0	0	453	21	78	233	30	40	9	134	49	199	21	76	49	2148	101	321	123	797	459	277	435	228	118	18	67	40	1499	620	173	95	82	83	73	42	1184	0	0	0	0	0	0	0	0	0	0	0	0	0	0	0	0	0	0	0	0	0	0	0	0
Stellate cell	broad all	4	13	3	41	6	7	585	51	2	4	5	12	1	22	1	4	3	432	15	5	0	0	0	0	0	0	0	0	0	0	0	0	0	0	0	0	0	0	0	0	0	575	45	102	322	157	86	58	272	116	271	45	239	306	585	372	368	168	814	701	174	697	1636	246	121	58	123	596	815	372	171	391	399	344	70	241	0	0	0	0	0	0	0	0	0	0	0	0	0	0	0	0	0	0	0	0	0	0	0	0
B cells	broad all	26	13	156	18	14	386	801	364	30	49	2	27	12	21	17	35	7	66	22	6	59	90	134	37	38	84	89	14	27	23	2	22	99	40	37	32	91	65	41	178	17	33	3	15	15	39	13	3	12	13	13	3	31	133	77	580	57	20	366	98	165	113	481	1171	27	184	318	333	189	72	139	21	94	25	235	140	481	241	1331	1901	371	439	1436	531	20	429	4058	568	970	687	2220	69	2201	218	1188	386	116	141	1732	1100
Myeloid cells	broad all	305	273	237	388	420	153	2745	1018	2707	408	246	531	671	1205	121	942	46	1079	807	65	244	769	1268	2411	1432	1055	653	3715	2376	3443	260	608	475	251	1485	35	215	393	396	274	525	210	60	103	317	69	2	4	20	43	225	60	219	166	942	733	457	138	366	950	1423	239	1573	395	124	804	624	796	448	645	319	433	575	162	241	628	209	2024	753	243	2829	728	696	182	1648	1600	141	1452	2658	1528	446	7158	51	1922	1154	700	3028	958	651	480
T cells	broad all	288	117	793	425	139	547	1801	1352	548	488	18	222	175	556	371	534	40	856	350	34	1116	1039	692	455	1192	770	2305	471	701	238	244	478	1624	530	563	2213	2827	2136	1273	3789	378	197	56	63	242	44	102	56	88	268	319	56	82	194	857	915	261	60	682	434	323	368	1701	918	166	369	871	780	983	271	389	533	393	290	382	249	2739	4350	5619	2473	4758	9680	6560	4421	1457	5206	10966	4115	3042	6979	6151	3848	5092	2633	4219	602	1881	1629	2896	6791
NK cells	broad all	77	26	70	83	89	61	93	89	104	17	3	34	35	86	22	98	4	110	55	3	200	82	135	504	387	154	331	79	107	51	61	100	290	109	61	1046	726	243	258	845	83	34	0	21	12	18	7	2	16	26	35	0	25	35	87	114	51	6	39	71	44	29	173	146	18	46	38	114	98	19	53	56	35	32	18	31	84	996	382	1012	161	1341	129	560	65	1223	291	376	184	580	245	638	58	925	130	299	230	290	167	1335
